xi[0] = 0.9798304162e1;
xi[1] = 0.1255589432e3;
xi[2] = 0.8601192016e-4;
xi[3] = 0.1420215245e-3;
xi[4] = 0.2852239446;
xi[5] = 0.2855294915;
xi[6] = -0.9065755929e2;
xi[7] = 0.8046584973e-1;
xi[8] = 0.9772152481;
xi[9] = 0.4448038946;
xi[10] = 0.397392006e-8;
xi[11] = 0.554535924;
xi[12] = 0.6601783287e-3;
xi[13] = 0.8621934054;
xi[14] = 0.01141398211;
xi[15] = 5.666325225e-5;
xi[16] = 1.25021357e-7;
xi[17] = 1.034426748e-10;
xi[18] = 7.757981563e-12;
xi[19] = 0.1198547081;
xi[20] = 0.006346794302;
xi[21] = 1.260326488e-4;
xi[22] = 1.112315238e-6;
xi[23] = 3.681315892e-9;
xi[24] = 0.9997157074;
xi[25] = 0.9513721351;
xi[26] = 0.02668288089;
xi[27] = 2.806380358e-4;
xi[28] = 1.311837579e-6;
xi[29] = 2.29955624e-9;
xi[30] = 0.01513025204;
xi[31] = 0.005442964601;
xi[32] = 9.918373359000001e-4;
xi[33] = 9.514386057000001e-5;
xi[34] = 2.742677382e-6;
xi[35] = 0.5977099765;
xi[36] = 0.1730990528;
xi[37] = 0.01881072386;
xi[38] = 9.16070135e-4;
xi[39] = 1.975541357e-5;
xi[40] = 0.03539084346;
xi[41] = 0.005428824353;
xi[42] = 0.02287858869;
xi[43] = 0.03233800003;
xi[44] = 0.1134082058;
xi[45] = 0.1437575649;
xi[46] = 0.0417776208;
xi[47] = 0.004552898364;
xi[48] = 2.20520743e-4;
xi[49] = 4.005266484e-6;
xi[50] = 1.57442749e-8;
xi[51] = 2.856607179e-9;
xi[52] = 0.4749950008;
xi[53] = 0.2707214097;
xi[54] = 0.05786120057;
xi[55] = 0.005496292279;
xi[56] = 1.957874519e-4;
xi[57] = 4.17679396e-4;
xi[58] = 0.996697338;
xi[59] = 4.340879648e-4;
xi[60] = 7.634099755000001e-5;
xi[61] = 9.511789113e-6;
xi[62] = 1.533347007e-6;
xi[63] = 0.9645606295;
xi[64] = 0.03542613568;
xi[65] = 2.491710696e-7;
xi[66] = 1.298547822e-5;
z[0] = 96.5;
z[1] = 310;
z[2] = 8.315;
z[3] = 1.534e-4;
z[4] = 25.84e-6;
z[5] = 0.16e-6;
z[6] = 2.1e-6;
z[7] = 1.2e-9;
z[8] = 4;
z[9] = 138;
z[10] = 2;
z[11] = 1e3;
z[12] = 3;
z[13] = -15;
z[14] = 0;
z[15] = 0.000168;
z[16] = 1.2;
z[17] = 3.29;
z[18] = 1;
z[19] = 1.2;
z[20] = 0.0748e-3;
z[21] = 0.318e-3;
z[22] = 1.8;
z[23] = 0.5747;
z[24] = 26.7;
z[25] = 70e-3;
z[26] = 140e-3;
z[27] = 20e0;
z[28] = 0.066e-3;
z[29] = 40e0;
z[30] = 40e-3;
z[31] = 50e-3;
z[32] = 15e0;
z[33] = 0e0;
z[34] = 2.38e-3;
z[35] = 0.8e0;
z[36] = 1.5e-4;
z[37] = 0.01215;
z[38] = 0.576;
z[39] = 0.00405;
z[40] = 1.93;
z[41] = 0.1;
z[42] = 0.0008;
z[43] = 4;
z[44] = 3;
z[45] = 0.3;
z[46] = 4;
z[47] = 2;
z[48] = 2;
z[49] = 0.543708;
z[50] = 0.028983;
z[51] = 0.080185;
z[52] = 0.0468437;
z[53] = 0.0498424;
z[54] = 0.000373016;
z[55] = 0.000819482;
z[56] = 0.00000005374;
z[57] = 1.8936;
z[58] = 14.224647456;
z[59] = 158.574378389;
z[60] = 142.936645351;
z[61] = 6.77348;
z[62] = 15.6212705152;
z[63] = 28.7532603313;
z[64] = 524.576206679;
z[65] = 0.52465073996;
z[66] = 17.51885408639;
z[67] = 938.58764534556;
z[68] = 54749.19473332601;
z[69] = 1.00947847105;
z[70] = 1.17100540567;
z[71] = 0.63902768758;
z[72] = 2.12035379095;
z[73] = 1.84002414554;
z[74] = 0.00768548031;
z[75] = 0.0108174834;
z[76] = 0.07793378174;
z[77] = 0.00305767916;
z[78] = 0.00000244936;
z[79] = 0.0186e0;
z[80] = 0.0035e0;
z[81] = 0.1253051261188079722568586886469e0;
z[82] = 56.32e0;
z[83] = 0.001e0;
z[84] = 0.872;
z[85] = 0.889;
z[86] = 0.44;
z[87] = 87.5;
z[88] = 1.38;
z[89] = 0.2;
z[90] = 0.35;
z[91] = 2.387;
z[92] = 20;
z[93] = 1.5;
z[94] = 0.05;
z[95] = 0.0005;
z[96] = 7.684e-5;
z[97] = -0.265;
z[98] = 7;
z[99] = 294.16;
z[100] = 5.320000001;
z[101] = 0.017147641733086;
z[102] = 0.03304608038835;
z[103] = 0.03969328381141;
z[104] = -0.0430605416398;
z[105] = 0.02057448605977;
z[106] = 0.02617412715118;
z[107] = 0.00134366604423;
z[108] = -0.02691385498399;
z[109] = 0.10666316491288;
z[110] = 0.00568908859717;
z[111] = 0.00646393910049;
z[112] = -0.04536642959543;
z[113] = 0.00008039374403;
z[114] = 0.00000069808924;
