xi[0] = -83.853;
xi[1] = 0.00187018;
xi[2] = 0.9804713;
xi[3] = 0.98767124;
xi[4] = 0.00316354;
xi[5] = 0.99427859;
xi[6] = 0.16647703;
xi[7] = 0.0002;
z[0] = 8314;
z[1] = 310;
z[2] = 96484.6;
z[3] = 1;
z[4] = 100;
z[5] = 100000000000;
z[6] = 1000;
z[7] = 2;
z[8] = -25.5;
z[9] = 23;
z[10] = 140;
z[11] = 18;
z[12] = 0.01833;
z[13] = 5.4;
z[14] = 145;
z[15] = 0.0183;
z[16] = -59.87;
z[17] = 0.03921;
