xi[0] = -85.95752434460744;
xi[1] = 4.925761439682025;
xi[2] = 143.1837333000449;
xi[3] = 4.0180173572968586e-4;
xi[4] = 4.657102729020499;
xi[5] = 0.3556412697995689;
xi[6] = 1.779648367445368e-5;
xi[7] = 0.40285968661346977;
xi[8] = 0.5861887862983165;
xi[9] = 0.9968480629364956;
xi[10] = 1.5445004166497696e-6;
xi[11] = 8.77325391245903e-4;
xi[12] = 0.17246483915629204;
xi[13] = 6.098246017787626e-5;
xi[14] = 0.4250747299372254;
xi[15] = 0.9985266538252986;
xi[16] = 1.6882718240109127e-5;
xi[17] = 0.8585352091865849;
xi[18] = 0.6080573900752752;
xi[19] = 0.0018339931180983765;
xi[20] = 0.20443083454225305;
xi[21] = 0.967887666264921;
xi[22] = 0.09738789658609195;
xi[23] = 0.09745345578743213;
xi[24] = 7.956883250874798e-4;
xi[25] = 0.9999125083105881;
xi[26] = 0.9891789193465331;
xi[27] = 0.5910747147428818;
xi[28] = 0.46108441538480216;
xi[29] = 3.4314360001543243e-4;
xi[30] = 0.19135178123107768;
xi[31] = 9.455741736977666;
xi[32] = 2.611712901567567;
xi[33] = 0.02490898775497523;
xi[34] = 0.001990153835322864;
xi[35] = 4.2941813853474524e-4;
xi[36] = 0.9573749975411884;
z[0] = 8.3143;
z[1] = 310;
z[2] = 96.4867;
z[3] = 132;
z[4] = 50;
z[5] = 1000000;
z[6] = 400;
z[7] = 2;
z[8] = -4000;
z[9] = 140;
z[10] = 1.8;
z[11] = 5.4;
z[12] = 8000;
z[13] = 0.05;
z[14] = 0.00238;
z[15] = 0.003;
z[16] = 5;
z[17] = 2860;
z[18] = 0.0000875;
z[19] = 8712;
z[20] = 0.004;
z[21] = 0.001;
z[22] = 0.0003;
z[23] = 0.35;
z[24] = 0.143;
z[25] = 0.35;
z[26] = 6.954;
z[27] = 0.0042;
z[28] = 6.954;
z[29] = 612;
z[30] = 1.146;
z[31] = 0.00864;
z[32] = 5.04;
z[33] = 0.2016;
z[34] = 0.004444;
z[35] = 0.033;
z[36] = 0.00297;
z[37] = 0.385;
z[38] = 0.11;
z[39] = 0.0236;
z[40] = 2333;
z[41] = 0.04;
z[42] = 1;
z[43] = 1;
z[44] = 8.75;
z[45] = 87.5;
z[46] = 0.00138;
z[47] = 1.38;
z[48] = 6.81;
z[49] = 0.32;
z[50] = 0.04;
z[51] = 0.01;
z[52] = 0.165;
z[53] = 4.05;
z[54] = 69.8;
z[55] = 32.88;
z[56] = 0.258;
z[57] = 0.094;
z[58] = 21;
z[59] = 0.01;
z[60] = 1;
z[61] = 0.01;
z[62] = 0.08;
z[63] = 0.0008;
z[64] = 0.1;
z[65] = 162500;
z[66] = 62000;
z[67] = 0.000849;
z[68] = -150;
z[69] = 386;
z[70] = 459;
z[71] = 160;
z[72] = 400;
z[73] = 10;
z[74] = 0.8;
z[75] = 0.07;
z[76] = 39;
z[77] = 0.0039;
z[78] = 0.03;
z[79] = 0.12;
z[80] = 0.027;
z[81] = 0.03;
z[82] = 0.0039;
z[83] = 1560;
z[84] = 1.17;
z[85] = 0.9623799975411884;
z[86] = 140000;
z[87] = 0.97;
z[88] = 200;
z[89] = 1800000;
z[90] = 1.2;
z[91] = 0.005;
